%%%%%%%%%%%%%%%%%%%%%%%%%%%%%%%%%%%%%%%%%%%%%%%%%%%%%%%%%%%%%%%%%%%%%%%%%%%%%%%%
% This file is part of IMTAphy
% _____________________________________________________________________________
%
% Copyright (C) 2010
% Institute of Communication Networks (LKN)
% Department of Electrical Engineering and Information Technology (EE & IT)
% Technische Universitaet Muenchen
% Arcisstr. 21
% 80333 Muenchen - Germany
% http://www.lkn.ei.tum.de/~jan/imtaphy/index.html
% 
% _____________________________________________________________________________
%
%   IMTAphy is free software: you can redistribute it and/or modify
%   it under the terms of the GNU General Public License as published by
%   the Free Software Foundation, either version 3 of the License, or
%   (at your option) any later version.
%
%   IMTAphy is distributed in the hope that it will be useful,
%   but WITHOUT ANY WARRANTY; without even the implied warranty of
%   MERCHANTABILITY or FITNESS FOR A PARTICULAR PURPOSE.  See the
%   GNU General Public License for more details.
%
%   You should have received a copy of the GNU General Public License
%   along with IMTAphy.  If not, see <http://www.gnu.org/licenses/>.
%
%%%%%%%%%%%%%%%%%%%%%%%%%%%%%%%%%%%%%%%%%%%%%%%%%%%%%%%%%%%%%%%%%%%%%%%%%%%%%%%%%

% ORG1 ORG2 CATR CMCC
DS_LoS_ref_InH = [
    0.001040	0.006100	0.002300	0.002900
    0.005334	0.006600	0.004500	0.005500
    0.006350	0.008300	0.005700	0.006200
    0.007062	0.008700	0.006200	0.007000
    0.007647	0.009400	0.006800	0.007800
    0.008147	0.009800	0.007400	0.008100
    0.008595	0.010100	0.007600	0.008600
    0.009012	0.010400	0.007900	0.009100
    0.009398	0.010500	0.008300	0.009400
    0.009770	0.011200	0.008700	0.009900
    0.010121	0.011600	0.009000	0.010300
    0.010473	0.011800	0.009300	0.010800
    0.010782	0.012100	0.009500	0.011000
    0.011091	0.012300	0.009800	0.011300
    0.011390	0.012500	0.010100	0.011700
    0.011707	0.012500	0.010400	0.011900
    0.011978	0.012700	0.010700	0.012100
    0.012256	0.012800	0.010900	0.012400
    0.012541	0.013100	0.011300	0.012600
    0.012815	0.013800	0.011500	0.012900
    0.013092	0.014100	0.011800	0.013100
    0.013366	0.014400	0.012000	0.013400
    0.013635	0.014600	0.012100	0.013600
    0.013887	0.014800	0.012300	0.013800
    0.014153	0.015100	0.012500	0.014100
    0.014415	0.015300	0.012700	0.014300
    0.014674	0.015800	0.012900	0.014700
    0.014931	0.015900	0.013100	0.015100
    0.015192	0.016100	0.013500	0.015400
    0.015456	0.016300	0.013800	0.015600
    0.015716	0.016700	0.014000	0.016100
    0.015972	0.016900	0.014200	0.016400
    0.016219	0.017400	0.014300	0.016600
    0.016467	0.017600	0.014500	0.016800
    0.016733	0.018200	0.014700	0.017100
    0.016995	0.018400	0.014900	0.017300
    0.017252	0.018800	0.015100	0.017600
    0.017501	0.019100	0.015400	0.017900
    0.017763	0.019200	0.015600	0.018100
    0.018026	0.019500	0.015800	0.018300
    0.018284	0.019600	0.016000	0.018600
    0.018550	0.020200	0.016200	0.018800
    0.018801	0.020400	0.016500	0.019200
    0.019057	0.020500	0.016700	0.019500
    0.019311	0.020700	0.016900	0.019800
    0.019596	0.020900	0.017200	0.020100
    0.019864	0.021300	0.017400	0.020300
    0.020129	0.021500	0.017600	0.020600
    0.020409	0.021700	0.017900	0.020900
    0.020705	0.021900	0.018000	0.021100
    0.020994	0.022100	0.018300	0.021400
    0.021288	0.022300	0.018400	0.021600
    0.021576	0.022600	0.018800	0.021900
    0.021864	0.022700	0.019000	0.022300
    0.022163	0.023000	0.019300	0.022500
    0.022453	0.023500	0.019600	0.022700
    0.022763	0.023900	0.019800	0.023100
    0.023074	0.024100	0.020000	0.023400
    0.023407	0.024300	0.020300	0.023700
    0.023737	0.024600	0.020800	0.024100
    0.024062	0.025100	0.021100	0.024400
    0.024398	0.025200	0.021300	0.024900
    0.024746	0.025400	0.021600	0.025200
    0.025092	0.025500	0.021800	0.025500
    0.025435	0.025600	0.022100	0.025900
    0.025794	0.026100	0.022400	0.026400
    0.026176	0.026400	0.022700	0.026800
    0.026569	0.027200	0.023100	0.027200
    0.026975	0.027400	0.023600	0.027500
    0.027389	0.027600	0.023800	0.028000
    0.027810	0.028100	0.024100	0.028400
    0.028247	0.028400	0.024500	0.028900
    0.028694	0.028500	0.024800	0.029100
    0.029166	0.028700	0.025400	0.029600
    0.029652	0.028800	0.025800	0.030200
    0.030162	0.030000	0.026500	0.030600
    0.030705	0.030100	0.026900	0.031000
    0.031240	0.030700	0.027300	0.031600
    0.031758	0.031200	0.027600	0.032200
    0.032354	0.031900	0.028400	0.032700
    0.032971	0.032300	0.028700	0.033200
    0.033604	0.032600	0.029300	0.033600
    0.034291	0.035400	0.030200	0.034300
    0.035012	0.035800	0.030800	0.035300
    0.035780	0.036400	0.031300	0.036200
    0.036592	0.037600	0.031800	0.037300
    0.037452	0.037900	0.032600	0.038100
    0.038388	0.038300	0.033100	0.039100
    0.039335	0.038800	0.033800	0.040100
    0.040473	0.039200	0.034700	0.041400
    0.041669	0.040800	0.035800	0.042400
    0.042943	0.042400	0.037200	0.043700
    0.044477	0.043000	0.038200	0.045300
    0.046049	0.044200	0.039300	0.047100
    0.048019	0.045900	0.039800	0.048400
    0.050226	0.049100	0.041200	0.050400
    0.053067	0.054400	0.044400	0.053000
    0.056709	0.056300	0.047600	0.058500
    0.061764	0.061800	0.052100	0.062900
    0.071005	0.078400	0.059100	0.073700
    0.171252	0.096100	0.076000	0.108400
    ];

% ORG1 ORG2 ORG3 CATR CMCC
