%%%%%%%%%%%%%%%%%%%%%%%%%%%%%%%%%%%%%%%%%%%%%%%%%%%%%%%%%%%%%%%%%%%%%%%%%%%%%%%%
% This file is part of IMTAphy
% _____________________________________________________________________________
%
% Copyright (C) 2010
% Institute of Communication Networks (LKN)
% Department of Electrical Engineering and Information Technology (EE & IT)
% Technische Universitaet Muenchen
% Arcisstr. 21
% 80333 Muenchen - Germany
% http://www.lkn.ei.tum.de/~jan/imtaphy/index.html
% 
% _____________________________________________________________________________
%
%   IMTAphy is free software: you can redistribute it and/or modify
%   it under the terms of the GNU General Public License as published by
%   the Free Software Foundation, either version 3 of the License, or
%   (at your option) any later version.
%
%   IMTAphy is distributed in the hope that it will be useful,
%   but WITHOUT ANY WARRANTY; without even the implied warranty of
%   MERCHANTABILITY or FITNESS FOR A PARTICULAR PURPOSE.  See the
%   GNU General Public License for more details.
%
%   You should have received a copy of the GNU General Public License
%   along with IMTAphy.  If not, see <http://www.gnu.org/licenses/>.
%
%%%%%%%%%%%%%%%%%%%%%%%%%%%%%%%%%%%%%%%%%%%%%%%%%%%%%%%%%%%%%%%%%%%%%%%%%%%%%%%%%

% ORG1 ORG2 CATR CMCC
AS_AoA_LoS_ref_InH = [
    1.32	8.88	2.70	3.03
    8.98	10.10	8.93	9.11
    10.84	12.25	11.14	11.40
    12.16	12.52	12.71	12.87
    13.17	14.16	14.09	13.67
    14.04	14.91	15.45	14.38
    14.75	15.31	16.51	15.05
    15.46	15.82	17.40	15.68
    16.12	16.49	18.40	16.21
    16.72	17.75	19.26	16.77
    17.30	18.18	19.67	17.50
    17.85	18.51	20.46	18.07
    18.38	19.17	21.01	18.52
    18.87	19.81	21.70	19.01
    19.33	20.75	22.11	19.61
    19.79	21.27	22.53	20.19
    20.25	21.80	22.92	20.62
    20.71	22.26	23.31	20.85
    21.15	22.41	23.60	21.31
    21.58	22.93	23.86	21.66
    22.00	23.28	24.15	22.07
    22.39	23.73	24.28	22.46
    22.80	24.43	24.44	22.91
    23.20	24.94	24.75	23.33
    23.60	25.29	24.92	23.71
    23.99	25.50	25.30	24.16
    24.39	25.71	25.64	24.57
    24.78	25.87	26.09	24.96
    25.16	26.08	26.64	25.46
    25.53	26.65	27.00	25.93
    25.90	26.96	27.59	26.22
    26.26	27.18	27.85	26.64
    26.63	27.66	28.12	27.02
    26.99	27.92	28.57	27.41
    27.36	28.11	28.87	27.76
    27.71	28.25	29.05	28.06
    28.07	28.59	29.38	28.32
    28.41	28.73	29.88	28.64
    28.75	29.18	30.29	29.04
    29.11	29.26	30.73	29.38
    29.48	29.50	31.07	29.69
    29.84	29.99	31.25	30.04
    30.18	30.24	31.46	30.37
    30.54	30.78	31.69	30.63
    30.89	31.27	32.02	30.90
    31.25	31.74	32.57	31.33
    31.61	32.00	32.99	31.56
    31.96	32.34	33.22	31.91
    32.30	32.64	33.70	32.27
    32.67	32.96	34.06	32.57
    33.02	33.30	34.51	32.90
    33.36	33.49	35.08	33.22
    33.72	34.11	35.45	33.50
    34.10	34.23	35.73	33.76
    34.46	34.66	35.97	34.05
    34.82	34.96	36.30	34.31
    35.18	35.33	36.60	34.70
    35.57	35.83	37.06	35.10
    35.94	36.15	37.40	35.59
    36.33	36.31	37.98	35.97
    36.69	36.58	38.33	36.37
    37.07	36.92	38.81	36.88
    37.45	37.20	39.11	37.28
    37.87	37.93	39.39	37.74
    38.26	38.11	39.77	38.07
    38.68	38.21	40.10	38.50
    39.10	38.51	40.48	38.88
    39.54	39.02	40.95	39.43
    39.96	39.31	41.28	39.86
    40.40	39.80	41.75	40.34
    40.83	40.03	42.30	40.90
    41.25	40.82	42.68	41.33
    41.71	41.67	43.10	41.80
    42.18	42.52	43.72	42.38
    42.64	42.79	44.38	42.84
    43.13	43.40	44.89	43.28
    43.65	43.99	45.29	43.65
    44.14	44.35	45.79	44.11
    44.68	44.79	46.27	44.61
    45.24	45.24	46.70	45.09
    45.81	46.12	47.23	45.66
    46.40	46.35	47.77	46.21
    46.99	46.61	48.48	46.84
    47.61	47.48	49.13	47.38
    48.29	48.41	49.63	47.98
    49.00	49.40	50.53	48.67
    49.73	50.02	51.01	49.48
    50.50	50.37	51.57	50.15
    51.32	51.08	52.32	50.84
    52.13	51.75	52.93	51.79
    52.99	52.36	53.62	52.76
    53.98	54.06	54.42	53.81
    55.05	54.72	55.76	54.77
    56.21	56.25	56.98	56.13
    57.52	57.17	57.77	58.04
    59.06	58.55	59.29	59.60
    61.01	59.84	60.18	61.54
    63.32	61.20	61.42	63.69
    66.27	66.37	62.94	66.72
    71.01	71.35	65.99	71.50
    95.42	73.04	69.48	96.86
    ];

% ORG1 ORG2 ORG3 CATR CMCC
